record_date,daily_total,cumulative_total,year,day_number
2013-01-22,12417,12417,2013,3
2013-01-23,23528,35945,2013,4
2013-01-24,13291,49236,2013,5
2013-01-25,9961,59197,2013,6
2013-01-28,9566,68763,2013,9
2013-01-29,9975,78738,2013,10
2013-01-30,9593,88331,2013,11
2013-01-31,16330,104661,2013,12
2013-02-01,82105,186766,2013,13
2013-02-04,13244,200010,2013,16
2013-02-05,14313,214323,2013,17
2013-02-06,14849,229172,2013,18
2013-02-07,14548,243720,2013,19
2013-02-08,16780,260500,2013,20
2013-02-11,12502,273002,2013,23
2013-02-12,13584,286586,2013,24
2013-02-13,32850,319436,2013,25
2013-02-14,12904,332340,2013,26
2013-02-15,56698,389038,2013,27
2013-02-19,15599,404637,2013,31
2013-02-20,26575,431212,2013,32
2013-02-21,20034,451246,2013,33
2013-02-22,10703,461949,2013,34
2013-02-25,17853,479802,2013,37
2013-02-26,15133,494935,2013,38
2013-02-27,34487,529422,2013,39
2013-02-28,18615,548037,2013,40
2013-03-01,79738,627775,2013,41
2013-03-04,14182,641957,2013,44
2013-03-05,12700,654657,2013,45
2013-03-06,15801,670458,2013,46
2013-03-07,10678,681136,2013,47
2013-03-08,11651,692787,2013,48
2013-03-11,13886,706673,2013,51
2013-03-12,11630,718303,2013,52
2013-03-13,25837,744140,2013,53
2013-03-14,12250,756390,2013,54
2013-03-15,17916,774306,2013,55
2013-03-18,13605,787911,2013,58
2013-03-19,12002,799913,2013,59
2013-03-20,26320,826233,2013,60
2013-03-21,10539,836772,2013,61
2013-03-22,11592,848364,2013,62
2013-03-25,10323,858687,2013,65
2013-03-26,12447,871134,2013,66
2013-03-27,25950,897084,2013,67
2013-03-28,12986,910070,2013,68
2013-03-29,14746,924816,2013,69
2013-04-01,58900,983716,2013,72
2013-04-02,11009,994725,2013,73
2013-04-03,36659,1031384,2013,74
2013-04-04,9671,1041055,2013,75
2013-04-05,9771,1050826,2013,76
2013-04-08,9438,1060264,2013,79
2013-04-09,10696,1070960,2013,80
2013-04-10,24127,1095087,2013,81
2013-04-11,9932,1105019,2013,82
2013-04-12,13402,1118421,2013,83
2013-04-15,16600,1135021,2013,86
2013-04-16,11237,1146258,2013,87
2013-04-17,24164,1170422,2013,88
2013-04-18,11176,1181598,2013,89
2013-04-19,11944,1193542,2013,90
2013-04-22,10376,1203918,2013,93
2013-04-23,12132,1216050,2013,94
2014-01-21,11777,11777,2014,2
2014-01-22,23653,35430,2014,3
2014-01-23,10417,45847,2014,4
2014-01-24,9447,55294,2014,5
2014-01-27,9810,65104,2014,8
2014-01-28,9096,74200,2014,9
2014-01-29,8410,82610,2014,10
2014-01-30,10233,92843,2014,11
2014-01-31,52792,145635,2014,12
2014-02-03,42679,188314,2014,15
2014-02-04,10110,198424,2014,16
2014-02-05,8737,207161,2014,17
2014-02-06,20143,227304,2014,18
2014-02-07,8824,236128,2014,19
2014-02-10,28022,264150,2014,22
2014-02-11,13094,277244,2014,23
2014-02-12,43171,320415,2014,24
2014-02-13,14199,334614,2014,25
2014-02-14,22208,356822,2014,26
2014-02-18,53311,410133,2014,30
2014-02-19,23251,433384,2014,31
2014-02-20,29482,462866,2014,32
2014-02-21,12675,475541,2014,33
2014-02-24,14258,489799,2014,36
2014-02-25,15843,505642,2014,37
2014-02-26,30939,536581,2014,38
2014-02-27,13046,549627,2014,39
2014-02-28,55438,605065,2014,40
2014-03-03,48043,653108,2014,43
2014-03-04,12447,665555,2014,44
2014-03-05,14623,680178,2014,45
2014-03-06,10550,690728,2014,46
2014-03-07,12670,703398,2014,47
2014-03-10,12446,715844,2014,50
2014-03-11,11713,727557,2014,51
2014-03-12,26655,754212,2014,52
2014-03-13,12300,766512,2014,53
2014-03-14,16500,783012,2014,54
2014-03-17,12709,795721,2014,57
2014-03-18,11395,807116,2014,58
2014-03-19,25492,832608,2014,59
2014-03-20,10344,842952,2014,60
2014-03-21,12451,855403,2014,61
2014-03-24,11023,866426,2014,64
2014-03-25,11126,877552,2014,65
2014-03-26,26794,904346,2014,66
2014-03-27,11259,915605,2014,67
2014-03-28,13917,929522,2014,68
2014-03-31,16949,946471,2014,71
2014-04-01,54844,1001315,2014,72
2014-04-02,11778,1013093,2014,73
2014-04-03,33479,1046572,2014,74
2014-04-04,10130,1056702,2014,75
2014-04-07,9831,1066533,2014,78
2014-04-08,10286,1076819,2014,79
2014-04-09,25477,1102296,2014,80
2014-04-10,10584,1112880,2014,81
2014-04-11,12115,1124995,2014,82
2014-04-14,11852,1136847,2014,85
2014-04-15,15807,1152654,2014,86
2014-04-16,24655,1177309,2014,87
2014-04-17,11686,1188995,2014,88
2014-04-18,9892,1198887,2014,89
2014-04-21,11183,1210070,2014,92
2014-04-22,12267,1222337,2014,93
2014-04-23,27807,1250144,2014,94
2015-01-20,11507,11507,2015,1
2015-01-21,25395,36902,2015,2
2015-01-22,13169,50071,2015,3
2015-01-23,9210,59281,2015,4
2015-01-26,9118,68399,2015,7
2015-01-27,11201,79600,2015,8
2015-01-28,22336,101936,2015,9
2015-01-29,11553,113489,2015,10
2015-01-30,61700,175189,2015,11
2015-02-02,28199,203388,2015,14
2015-02-03,36425,239813,2015,15
2015-02-04,17774,257587,2015,16
2015-02-05,9860,267447,2015,17
2015-02-06,18785,286232,2015,18
2015-02-09,14211,300443,2015,21
2015-02-10,15087,315530,2015,22
2015-02-11,35902,351432,2015,23
2015-02-12,13546,364978,2015,24
2015-02-13,21882,386860,2015,25
2015-02-17,52671,439531,2015,29
2015-02-18,29450,468981,2015,30
2015-02-19,21937,490918,2015,31
2015-02-20,11910,502828,2015,32
2015-02-23,16632,519460,2015,35
2015-02-24,15079,534539,2015,36
2015-02-25,31239,565778,2015,37
2015-02-26,13913,579691,2015,38
2015-02-27,54867,634558,2015,39
2015-03-02,30270,664828,2015,42
2015-03-03,37673,702501,2015,43
2015-03-04,16204,718705,2015,44
2015-03-05,12664,731369,2015,45
2015-03-06,11847,743216,2015,46
2015-03-09,11418,754634,2015,49
2015-03-10,12500,767134,2015,50
2015-03-11,28073,795207,2015,51
2015-03-12,13085,808292,2015,52
2015-03-13,15724,824016,2015,53
2015-03-16,14961,838977,2015,56
2015-03-17,10814,849791,2015,57
2015-03-18,27439,877230,2015,58
2015-03-19,11260,888490,2015,59
2015-03-20,10235,898725,2015,60
2015-03-23,13335,912060,2015,63
2015-03-24,11516,923576,2015,64
2015-03-25,28044,951620,2015,65
2015-03-26,13060,964680,2015,66
2015-03-27,15560,980240,2015,67
2015-03-30,13228,993468,2015,70
2015-03-31,16754,1010222,2015,71
2015-04-01,58839,1069061,2015,72
2015-04-02,10306,1079367,2015,73
2015-04-03,34590,1113957,2015,74
2015-04-06,9097,1123054,2015,77
2015-04-07,9941,1132995,2015,78
2015-04-08,26348,1159343,2015,79
2015-04-09,10120,1169463,2015,80
2015-04-10,12474,1181937,2015,81
2015-04-13,11382,1193319,2015,84
2015-04-14,10133,1203452,2015,85
2015-04-15,31298,1234750,2015,86
2015-04-16,11682,1246432,2015,87
2015-04-17,13419,1259851,2015,88
2015-04-20,10501,1270352,2015,91
2015-04-21,12057,1282409,2015,92
2015-04-22,28499,1310908,2015,93
2015-04-23,9759,1320667,2015,94
2016-01-20,23720,23720,2016,1
2016-01-21,10858,34578,2016,2
2016-01-22,10466,45044,2016,3
2016-01-25,8772,53816,2016,6
2016-01-26,8871,62687,2016,7
2016-01-27,25650,88337,2016,8
2016-01-28,10749,99086,2016,9
2016-01-29,14381,113467,2016,10
2016-02-01,65957,179424,2016,13
2016-02-02,10074,189498,2016,14
2016-02-03,38597,228095,2016,15
2016-02-04,9791,237886,2016,16
2016-02-05,12212,250098,2016,17
2016-02-08,12198,262296,2016,20
2016-02-09,10371,272667,2016,21
2016-02-10,63869,336536,2016,22
2016-02-11,25168,361704,2016,23
2016-02-12,20372,382076,2016,24
2016-02-16,53775,435851,2016,28
2016-02-17,26323,462174,2016,29
2016-02-18,30490,492664,2016,30
2016-02-19,10885,503549,2016,31
2016-02-22,14764,518313,2016,34
2016-02-23,17198,535511,2016,35
2016-02-24,36523,572034,2016,36
2016-02-25,13664,585698,2016,37
2016-02-26,14495,600193,2016,38
2016-02-29,21706,621899,2016,41
2016-03-01,61252,683151,2016,42
2016-03-02,18581,701732,2016,43
2016-03-03,34444,736176,2016,44
2016-03-04,11004,747180,2016,45
2016-03-07,10312,757492,2016,48
2016-03-08,12233,769725,2016,49
2016-03-09,31729,801454,2016,50
2016-03-10,11479,812933,2016,51
2016-03-11,13695,826628,2016,52
2016-03-14,11496,838124,2016,55
2016-03-15,14470,852594,2016,56
2016-03-16,28542,881136,2016,57
2016-03-17,12858,893994,2016,58
2016-03-18,10284,904278,2016,59
2016-03-21,11355,915633,2016,62
2016-03-22,9940,925573,2016,63
2016-03-23,35505,961078,2016,64
2016-03-24,15279,976357,2016,65
2016-03-25,14328,990685,2016,66
2016-03-28,11731,1002416,2016,69
2016-03-29,11058,1013474,2016,70
2016-03-30,14538,1028012,2016,71
2016-03-31,16546,1044558,2016,72
2016-04-01,83614,1128172,2016,73
2016-04-04,9361,1137533,2016,76
2016-04-05,10915,1148448,2016,77
2016-04-06,12607,1161055,2016,78
2016-04-07,9497,1170552,2016,79
2016-04-08,12953,1183505,2016,80
2016-04-11,11831,1195336,2016,83
2016-04-12,11552,1206888,2016,84
2016-04-13,29516,1236404,2016,85
2016-04-14,10686,1247090,2016,86
2016-04-15,14797,1261887,2016,87
2016-04-18,10710,1272597,2016,90
2016-04-19,9615,1282212,2016,91
2016-04-20,29026,1311238,2016,92
2016-04-21,14815,1326053,2016,93
2016-04-22,13872,1339925,2016,94
2017-01-20,11292,11292,2017,1
2017-01-23,8077,19369,2017,4
2017-01-24,11837,31206,2017,5
2017-01-25,24510,55716,2017,6
2017-01-26,11063,66779,2017,7
2017-01-27,13420,80199,2017,8
2017-01-30,10547,90746,2017,11
2017-01-31,17988,108734,2017,12
2017-02-01,61865,170599,2017,13
2017-02-02,11409,182008,2017,14
2017-02-03,32724,214732,2017,15
2017-02-06,9690,224422,2017,18
2017-02-07,10204,234626,2017,19
2017-02-08,30823,265449,2017,20
2017-02-09,9981,275430,2017,21
2017-02-10,13578,289008,2017,22
2017-02-13,12920,301928,2017,25
2017-02-14,9647,311575,2017,26
2017-02-15,74353,385928,2017,27
2017-02-16,12444,398372,2017,28
2017-02-17,11147,409519,2017,29
2017-02-21,16088,425607,2017,33
2017-02-22,49205,474812,2017,34
2017-02-23,52712,527524,2017,35
2017-02-24,13981,541505,2017,36
2017-02-27,13738,555243,2017,39
2017-02-28,21278,576521,2017,40
2017-03-01,71247,647768,2017,41
2017-03-02,12282,660050,2017,42
2017-03-03,33712,693762,2017,43
2017-03-06,12921,706683,2017,46
2017-03-07,12787,719470,2017,47
2017-03-08,35492,754962,2017,48
2017-03-09,11414,766376,2017,49
2017-03-10,14993,781369,2017,50
2017-03-13,14245,795614,2017,53
2017-03-14,10963,806577,2017,54
2017-03-15,36473,843050,2017,55
2017-03-16,10937,853987,2017,56
2017-03-17,10535,864522,2017,57
2017-03-20,11461,875983,2017,60
2017-03-21,14298,890281,2017,61
2017-03-22,30979,921260,2017,62
2017-03-23,13611,934871,2017,63
2017-03-24,14408,949279,2017,64
2017-03-27,11800,961079,2017,67
2017-03-28,13053,974132,2017,68
2017-03-29,14179,988311,2017,69
2017-03-30,11006,999317,2017,70
2017-03-31,59765,1059082,2017,71
2017-04-03,41925,1101007,2017,74
2017-04-04,10423,1111430,2017,75
2017-04-05,15081,1126511,2017,76
2017-04-06,9757,1136268,2017,77
2017-04-07,12481,1148749,2017,78
2017-04-10,12045,1160794,2017,81
2017-04-11,10960,1171754,2017,82
2017-04-12,29937,1201691,2017,83
2017-04-13,13018,1214709,2017,84
2017-04-14,12493,1227202,2017,85
2017-04-17,12179,1239381,2017,88
2017-04-18,10410,1249791,2017,89
2017-04-19,30558,1280349,2017,90
2017-04-20,14914,1295263,2017,91
2017-04-21,13552,1308815,2017,92
2018-01-22,15722,15722,2018,3
2018-01-23,8936,24658,2018,4
2018-01-24,26569,51227,2018,5
2018-01-25,12911,64138,2018,6
2018-01-26,13162,77300,2018,7
2018-01-29,11349,88649,2018,10
2018-01-30,9857,98506,2018,11
2018-01-31,18546,117052,2018,12
2018-02-01,66623,183675,2018,13
2018-02-02,31872,215547,2018,14
2018-02-05,12604,228151,2018,17
2018-02-06,12946,241097,2018,18
2018-02-07,15055,256152,2018,19
2018-02-08,13162,269314,2018,20
2018-02-09,13462,282776,2018,21
2018-02-12,12109,294885,2018,24
2018-02-13,13178,308063,2018,25
2018-02-14,33202,341265,2018,26
2018-02-15,56461,397726,2018,27
2018-02-16,11595,409321,2018,28
2018-02-20,17088,426409,2018,32
2018-02-21,29357,455766,2018,33
2018-02-22,73302,529068,2018,34
2018-02-23,14474,543542,2018,35
2018-02-26,15253,558795,2018,38
2018-02-27,14562,573357,2018,39
2018-02-28,44311,617668,2018,40
2018-03-01,65833,683501,2018,41
2018-03-02,35053,718554,2018,42
2018-03-05,13872,732426,2018,45
2018-03-06,12731,745157,2018,46
2018-03-07,19117,764274,2018,47
2018-03-08,13579,777853,2018,48
2018-03-09,14410,792263,2018,49
2018-03-12,12658,804921,2018,52
2018-03-13,15110,820031,2018,53
2018-03-14,33641,853672,2018,54
2018-03-15,16666,870338,2018,55
2018-03-16,10402,880740,2018,56
2018-03-19,9674,890414,2018,59
2018-03-20,16706,907120,2018,60
2018-03-21,32829,939949,2018,61
2018-03-22,10617,950566,2018,62
2018-03-23,13786,964352,2018,63
2018-03-26,13188,977540,2018,66
2018-03-27,10851,988391,2018,67
2018-03-28,32571,1020962,2018,68
2018-03-29,11800,1032762,2018,69
2018-03-30,61182,1093944,2018,70
2018-04-02,26465,1120409,2018,73
2018-04-03,32156,1152565,2018,74
2018-04-04,14723,1167288,2018,75
2018-04-05,10481,1177769,2018,76
2018-04-06,12893,1190662,2018,77
2018-04-09,11380,1202042,2018,80
2018-04-10,12605,1214647,2018,81
2018-04-11,31914,1246561,2018,82
2018-04-12,12510,1259071,2018,83
2018-04-13,13387,1272458,2018,84
2018-04-16,11938,1284396,2018,87
2018-04-17,11397,1295793,2018,88
2018-04-18,31664,1327457,2018,89
2018-04-19,11128,1338585,2018,90
2018-04-20,18791,1357376,2018,91
2018-04-23,10240,1367616,2018,94
2019-01-22,13842,13842,2019,3
2019-01-23,29016,42858,2019,4
2019-01-24,12947,55805,2019,5
2019-01-25,12510,68315,2019,6
2019-01-28,11217,79532,2019,9
2019-01-29,10508,90040,2019,10
2019-01-30,13534,103574,2019,11
2019-01-31,23858,127432,2019,12
2019-02-01,92654,220086,2019,13
2019-02-04,9153,229239,2019,16
2019-02-05,14712,243951,2019,17
2019-02-06,14064,258015,2019,18
2019-02-07,13698,271713,2019,19
2019-02-08,12747,284460,2019,20
2019-02-11,12121,296581,2019,23
2019-02-12,14796,311377,2019,24
2019-02-13,34238,345615,2019,25
2019-02-14,13687,359302,2019,26
2019-02-15,58713,418015,2019,27
2019-02-19,11761,429776,2019,31
2019-02-20,36078,465854,2019,32
2019-02-21,18943,484797,2019,33
2019-02-22,38100,522897,2019,34
2019-02-25,15002,537899,2019,37
2019-02-26,15487,553386,2019,38
2019-02-27,72868,626254,2019,39
2019-02-28,22684,648938,2019,40
2019-03-01,92365,741303,2019,41
2019-03-04,11776,753079,2019,44
2019-03-05,14914,767993,2019,45
2019-03-06,20909,788902,2019,46
2019-03-07,12278,801180,2019,47
2019-03-08,13600,814780,2019,48
2019-03-11,14527,829307,2019,51
2019-03-12,13869,843176,2019,52
2019-03-13,36648,879824,2019,53
2019-03-14,12710,892534,2019,54
2019-03-15,16427,908961,2019,55
2019-03-18,10779,919740,2019,58
2019-03-19,11294,931034,2019,59
2019-03-20,38675,969709,2019,60
2019-03-21,13773,983482,2019,61
2019-03-22,14390,997872,2019,62
2019-03-25,13003,1010875,2019,65
2019-03-26,13555,1024430,2019,66
2019-03-27,37785,1062215,2019,67
2019-03-28,12357,1074572,2019,68
2019-03-29,12815,1087387,2019,69
2019-04-01,81503,1168890,2019,72
2019-04-02,11128,1180018,2019,73
2019-04-03,41084,1221102,2019,74
2019-04-04,13308,1234410,2019,75
2019-04-05,13495,1247905,2019,76
2019-04-08,13589,1261494,2019,79
2019-04-09,16388,1277882,2019,80
2019-04-10,34589,1312471,2019,81
2019-04-11,13558,1326029,2019,82
2019-04-12,10629,1336658,2019,83
2019-04-15,19618,1356276,2019,86
2019-04-16,12408,1368684,2019,87
2019-04-17,33880,1402564,2019,88
2019-04-18,12019,1414583,2019,89
2019-04-19,15749,1430332,2019,90
2019-04-22,18682,1449014,2019,93
2019-04-23,11473,1460487,2019,94
2020-01-21,10948,10948,2020,2
2020-01-22,34833,45781,2020,3
2020-01-23,12772,58553,2020,4
2020-01-24,13113,71666,2020,5
2020-01-27,11582,83248,2020,8
2020-01-28,9096,92344,2020,9
2020-01-29,9675,102019,2020,10
2020-01-30,15412,117431,2020,11
2020-01-31,75402,192833,2020,12
2020-02-03,41056,233889,2020,15
2020-02-04,10968,244857,2020,16
2020-02-05,17680,262537,2020,17
2020-02-06,12570,275107,2020,18
2020-02-07,15579,290686,2020,19
2020-02-10,12932,303618,2020,22
2020-02-11,13068,316686,2020,23
2020-02-12,41619,358305,2020,24
2020-02-13,12141,370446,2020,25
2020-02-14,13749,384195,2020,26
2020-02-18,54862,439057,2020,30
2020-02-19,35240,474297,2020,31
2020-02-20,29028,503325,2020,32
2020-02-21,13948,517273,2020,33
2020-02-24,15715,532988,2020,36
2020-02-25,14798,547786,2020,37
2020-02-26,95855,643641,2020,38
2020-02-27,18178,661819,2020,39
2020-02-28,68202,730021,2020,40
2020-03-02,31150,761171,2020,43
2020-03-03,40197,801368,2020,44
2020-03-04,26295,827663,2020,45
2020-03-05,12680,840343,2020,46
2020-03-06,15111,855454,2020,47
2020-03-09,14140,869594,2020,50
2020-03-10,14021,883615,2020,51
2020-03-11,39319,922934,2020,52
2020-03-12,13341,936275,2020,53
2020-03-13,16204,952479,2020,54
2020-03-16,14547,967026,2020,57
2020-03-17,12062,979088,2020,58
2020-03-18,37239,1016327,2020,59
2020-03-19,11537,1027864,2020,60
2020-03-20,20030,1047894,2020,61
2020-03-23,14996,1062890,2020,64
2020-03-24,11855,1074745,2020,65
2020-03-25,38203,1112948,2020,66
2020-03-26,12555,1125503,2020,67
2020-03-27,12891,1138394,2020,68
2020-03-30,11704,1150098,2020,71
2020-03-31,19162,1169260,2020,72
2020-04-01,80619,1249879,2020,73
2020-04-02,13392,1263271,2020,74
2020-04-03,38033,1301304,2020,75
2020-04-06,15205,1316509,2020,78
2020-04-07,15833,1332342,2020,79
2020-04-08,44152,1376494,2020,80
2020-04-09,53815,1430309,2020,81
2020-04-10,25949,1456258,2020,82
2020-04-13,28778,1485036,2020,85
2020-04-14,24599,1509635,2020,86
2020-04-15,231618,1741253,2020,87
2020-04-16,38021,1779274,2020,88
2020-04-17,37403,1816677,2020,89
2020-04-20,49215,1865892,2020,92
2020-04-21,36748,1902640,2020,93
2020-04-22,56650,1959290,2020,94
2021-01-20,42616,42616,2021,1
2021-01-21,18245,60861,2021,2
2021-01-22,23877,84738,2021,3
2021-01-25,25787,110525,2021,6
2021-01-26,25878,136403,2021,7
2021-01-27,36279,172682,2021,8
2021-01-28,20508,193190,2021,9
2021-01-29,16050,209240,2021,10
2021-02-01,94039,303279,2021,13
2021-02-02,19838,323117,2021,14
2021-02-03,39661,362778,2021,15
2021-02-04,15161,377939,2021,16
2021-02-05,16602,394541,2021,17
2021-02-08,18100,412641,2021,20
2021-02-09,22025,434666,2021,21
2021-02-10,38852,473518,2021,22
2021-02-11,18545,492063,2021,23
2021-02-12,18336,510399,2021,24
2021-02-16,63421,573820,2021,28
2021-02-17,38422,612242,2021,29
2021-02-18,15726,627968,2021,30
2021-02-19,20908,648876,2021,31
2021-02-22,34612,683488,2021,34
2021-02-23,25218,708706,2021,35
2021-02-24,54762,763468,2021,36
2021-02-25,26408,789876,2021,37
2021-02-26,17412,807288,2021,38
2021-03-01,97885,905173,2021,41
2021-03-02,23681,928854,2021,42
2021-03-03,59647,988501,2021,43
2021-03-04,16016,1004517,2021,44
2021-03-05,25644,1030161,2021,45
2021-03-08,25598,1055759,2021,48
2021-03-09,20039,1075798,2021,49
2021-03-10,52947,1128745,2021,50
2021-03-11,20794,1149539,2021,51
2021-03-12,14867,1164406,2021,52
2021-03-15,24992,1189398,2021,55
2021-03-16,17885,1207283,2021,56
2021-03-17,287898,1495181,2021,57
2021-03-18,15676,1510857,2021,58
2021-03-19,17073,1527930,2021,59
2021-03-22,36359,1564289,2021,62
2021-03-23,17226,1581515,2021,63
2021-03-24,84581,1666096,2021,64
2021-03-25,19435,1685531,2021,65
2021-03-26,16479,1702010,2021,66
2021-03-29,19634,1721644,2021,69
2021-03-30,18606,1740250,2021,70
2021-03-31,50806,1791056,2021,71
2021-04-01,85439,1876495,2021,72
2021-04-02,40384,1916879,2021,73
2021-04-05,24664,1941543,2021,76
2021-04-06,23618,1965161,2021,77
2021-04-07,60226,2025387,2021,78
2021-04-08,24355,2049742,2021,79
2021-04-09,14452,2064194,2021,80
2021-04-12,22274,2086468,2021,83
2021-04-13,19967,2106435,2021,84
2021-04-14,46545,2152980,2021,85
2021-04-15,27473,2180453,2021,86
2021-04-16,18975,2199428,2021,87
2021-04-19,20946,2220374,2021,90
2021-04-20,18646,2239020,2021,91
2021-04-21,43121,2282141,2021,92
2021-04-22,23433,2305574,2021,93
2021-04-23,19334,2324908,2021,94
2022-01-20,13414,13414,2022,1
2022-01-21,24563,37977,2022,2
2022-01-24,14066,52043,2022,5
2022-01-25,18987,71030,2022,6
2022-01-26,36349,107379,2022,7
2022-01-27,18347,125726,2022,8
2022-01-28,16407,142133,2022,9
2022-01-31,21635,163768,2022,12
2022-02-01,89398,253166,2022,13
2022-02-02,17534,270700,2022,14
2022-02-03,38306,309006,2022,15
2022-02-04,16834,325840,2022,16
2022-02-07,16061,341901,2022,19
2022-02-08,19899,361800,2022,20
2022-02-09,39965,401765,2022,21
2022-02-10,20225,421990,2022,22
2022-02-11,11211,433201,2022,23
2022-02-14,14998,448199,2022,26
2022-02-15,67816,516015,2022,27
2022-02-16,41775,557790,2022,28
2022-02-17,18310,576100,2022,29
2022-02-18,17526,593626,2022,30
2022-02-22,39237,632863,2022,34
2022-02-23,41745,674608,2022,35
2022-02-24,53456,728064,2022,36
2022-02-25,17260,745324,2022,37
2022-02-28,24364,769688,2022,40
2022-03-01,91383,861071,2022,41
2022-03-02,34102,895173,2022,42
2022-03-03,37346,932519,2022,43
2022-03-04,18741,951260,2022,44
2022-03-07,19424,970684,2022,47
2022-03-08,20923,991607,2022,48
2022-03-09,51944,1043551,2022,49
2022-03-10,21631,1065182,2022,50
2022-03-11,13500,1078682,2022,51
2022-03-14,14678,1093360,2022,54
2022-03-15,22565,1115925,2022,55
2022-03-16,48211,1164136,2022,56
2022-03-17,16886,1181022,2022,57
2022-03-18,18032,1199054,2022,58
2022-03-21,24258,1223312,2022,61
2022-03-22,18112,1241424,2022,62
2022-03-23,49580,1291004,2022,63
2022-03-24,17906,1308910,2022,64
2022-03-25,15789,1324699,2022,65
2022-03-28,14060,1338759,2022,68
2022-03-29,16103,1354862,2022,69
2022-03-30,24988,1379850,2022,70
2022-03-31,21991,1401841,2022,71
2022-04-01,115275,1517116,2022,72
2022-04-04,19500,1536616,2022,75
2022-04-05,18972,1555588,2022,76
2022-04-06,23032,1578620,2022,77
2022-04-07,16947,1595567,2022,78
2022-04-08,16224,1611791,2022,79
2022-04-11,16096,1627887,2022,82
2022-04-12,21748,1649635,2022,83
2022-04-13,45507,1695142,2022,84
2022-04-14,16151,1711293,2022,85
2022-04-15,22909,1734202,2022,86
2022-04-18,20044,1754246,2022,89
2022-04-19,15424,1769670,2022,90
2022-04-20,47139,1816809,2022,91
2022-04-21,15654,1832463,2022,92
2022-04-22,19837,1852300,2022,93
2023-01-20,22687,22687,2023,1
2023-01-23,16472,39159,2023,4
2023-01-24,14208,53367,2023,5
2023-01-25,38222,91589,2023,6
2023-01-26,17214,108803,2023,7
2023-01-27,14345,123148,2023,8
2023-01-30,14108,137256,2023,11
2023-01-31,29295,166551,2023,12
2023-02-01,101412,267963,2023,13
2023-02-02,12791,280754,2023,14
2023-02-03,42352,323106,2023,15
2023-02-06,15495,338601,2023,18
2023-02-07,17214,355815,2023,19
2023-02-08,46167,401982,2023,20
2023-02-09,14677,416659,2023,21
2023-02-10,15401,432060,2023,22
2023-02-13,15803,447863,2023,25
2023-02-14,15002,462865,2023,26
2023-02-15,101334,564199,2023,27
2023-02-16,15124,579323,2023,28
2023-02-17,16580,595903,2023,29
2023-02-21,23004,618907,2023,33
2023-02-22,68102,687009,2023,34
2023-02-23,56787,743796,2023,35
2023-02-24,15722,759518,2023,36
2023-02-27,18023,777541,2023,39
2023-02-28,28023,805564,2023,40
2023-03-01,105051,910615,2023,41
2023-03-02,16168,926783,2023,42
2023-03-03,42976,969759,2023,43
2023-03-06,18984,988743,2023,46
2023-03-07,20005,1008748,2023,47
2023-03-08,48700,1057448,2023,48
2023-03-09,18002,1075450,2023,49
2023-03-10,52235,1127685,2023,50
2023-03-13,19311,1146996,2023,53
2023-03-14,17467,1164463,2023,54
2023-03-15,53898,1218361,2023,55
2023-03-16,15579,1233940,2023,56
2023-03-17,18245,1252185,2023,57
2023-03-20,40677,1292862,2023,60
2023-03-21,27316,1320178,2023,61
2023-03-22,45150,1365328,2023,62
2023-03-23,20217,1385545,2023,63
2023-03-24,16218,1401763,2023,64
2023-03-27,14334,1416097,2023,67
2023-03-28,17697,1433794,2023,68
2023-03-29,20418,1454212,2023,69
2023-03-30,14549,1468761,2023,70
2023-03-31,103025,1571786,2023,71
2023-04-03,55913,1627699,2023,74
2023-04-04,19846,1647545,2023,75
2023-04-05,19089,1666634,2023,76
2023-04-06,16322,1682956,2023,77
2023-04-07,15956,1698912,2023,78
2023-04-10,15627,1714539,2023,81
2023-04-11,18320,1732859,2023,82
2023-04-12,48145,1781004,2023,83
2023-04-13,14462,1795466,2023,84
2023-04-14,20912,1816378,2023,85
2023-04-17,22327,1838705,2023,88
2023-04-18,15133,1853838,2023,89
2023-04-19,45882,1899720,2023,90
2023-04-20,16207,1915927,2023,91
2023-04-21,21006,1936933,2023,92
2024-01-22,22248,22248,2024,3
2024-01-23,14167,36415,2024,4
2024-01-24,38036,74451,2024,5
2024-01-25,18794,93245,2024,6
2024-01-26,15153,108398,2024,7
2024-01-29,15625,124023,2024,10
2024-01-30,13938,137961,2024,11
2024-01-31,34126,172087,2024,12
2024-02-01,103336,275423,2024,13
2024-02-02,42410,317833,2024,14
2024-02-05,15691,333524,2024,17
2024-02-06,15611,349135,2024,18
2024-02-07,15590,364725,2024,19
2024-02-08,15931,380656,2024,20
2024-02-09,12101,392757,2024,21
2024-02-12,13398,406155,2024,24
2024-02-13,17892,424047,2024,25
2024-02-14,45037,469084,2024,26
2024-02-15,80748,549832,2024,27
2024-02-16,17332,567164,2024,28
2024-02-20,18316,585480,2024,32
2024-02-21,44373,629853,2024,33
2024-02-22,73541,703394,2024,34
2024-02-23,18765,722159,2024,35
2024-02-26,15901,738060,2024,38
2024-02-27,19055,757115,2024,39
2024-02-28,55981,813096,2024,40
2024-02-29,30909,844005,2024,41
2024-03-01,128344,972349,2024,42
2024-03-04,18775,991124,2024,45
2024-03-05,18988,1010112,2024,46
2024-03-06,25233,1035345,2024,47
2024-03-07,14496,1049841,2024,48
2024-03-08,16685,1066526,2024,49
2024-03-11,14722,1081248,2024,52
2024-03-12,21371,1102619,2024,53
2024-03-13,51595,1154214,2024,54
2024-03-14,17361,1171575,2024,55
2024-03-15,27944,1199519,2024,56
2024-03-18,16779,1216298,2024,59
2024-03-19,16665,1232963,2024,60
2024-03-20,48536,1281499,2024,61
2024-03-21,27603,1309102,2024,62
2024-03-22,15371,1324473,2024,63
2024-03-25,14262,1338735,2024,66
2024-03-26,12771,1351506,2024,67
2024-03-27,50301,1401807,2024,68
2024-03-28,15832,1417639,2024,69
2024-03-29,21433,1439072,2024,70
2024-04-01,116370,1555442,2024,73
2024-04-02,16337,1571779,2024,74
2024-04-03,46110,1617889,2024,75
2024-04-04,14595,1632484,2024,76
2024-04-05,14385,1646869,2024,77
2024-04-08,14888,1661757,2024,80
2024-04-09,14369,1676126,2024,81
2024-04-10,49094,1725220,2024,82
2024-04-11,15395,1740615,2024,83
2024-04-12,19647,1760262,2024,84
2024-04-15,27938,1788200,2024,87
2024-04-16,15763,1803963,2024,88
2024-04-17,48162,1852125,2024,89
2024-04-18,16165,1868290,2024,90
2024-04-19,14695,1882985,2024,91
2024-04-22,24828,1907813,2024,94
2025-01-21,17941,17941,2025,2
2025-01-22,54579,72520,2025,3
2025-01-23,17617,90137,2025,4
2025-01-24,14681,104818,2025,5
2025-01-27,11660,116478,2025,8
2025-01-28,13708,130186,2025,9
2025-01-29,23654,153840,2025,10
2025-01-30,20657,174497,2025,11
2025-01-31,130209,304706,2025,12
2025-02-03,54163,358869,2025,15
2025-02-04,17333,376202,2025,16
2025-02-05,15727,391929,2025,17
2025-02-06,18107,410036,2025,18
2025-02-07,15544,425580,2025,19
2025-02-10,16800,442380,2025,22
2025-02-11,17484,459864,2025,23
2025-02-12,48839,508703,2025,24
2025-02-13,15566,524269,2025,25
2025-02-14,24599,548868,2025,26
2025-02-18,89308,638176,2025,30
2025-02-19,46643,684819,2025,31
2025-02-20,24833,709652,2025,32
2025-02-21,27396,737048,2025,33
2025-02-24,39033,776081,2025,36
2025-02-25,28929,805010,2025,37
2025-02-26,73984,878994,2025,38
2025-02-27,19540,898534,2025,39
2025-02-28,122842,1021376,2025,40
2025-03-03,58143,1079519,2025,43
2025-03-04,21227,1100746,2025,44
2025-03-05,30633,1131379,2025,45
2025-03-06,18716,1150095,2025,46
2025-03-07,23506,1173601,2025,47
2025-03-10,19880,1193481,2025,50
2025-03-11,12613,1206094,2025,51
2025-03-12,66311,1272405,2025,52
2025-03-13,16846,1289251,2025,53
2025-03-14,26460,1315711,2025,54
2025-03-17,22643,1338354,2025,57
2025-03-18,14682,1353036,2025,58
2025-03-19,52050,1405086,2025,59
2025-03-20,17314,1422400,2025,60
2025-03-21,26558,1448958,2025,61
2025-03-24,15131,1464089,2025,64
2025-03-25,13599,1477688,2025,65
2025-03-26,51907,1529595,2025,66
2025-03-27,18983,1548578,2025,67
2025-03-28,20067,1568645,2025,68
2025-03-31,34024,1602669,2025,71
2025-04-01,112915,1715584,2025,72
2025-04-02,23629,1739213,2025,73
2025-04-03,40259,1779472,2025,74
2025-04-04,14394,1793866,2025,75
2025-04-07,14670,1808536,2025,78
2025-04-08,15436,1823972,2025,79
2025-04-09,55621,1879593,2025,80
2025-04-10,15475,1895068,2025,81
2025-04-11,24386,1919454,2025,82
2025-04-14,18603,1938057,2025,85
2025-04-15,32487,1970544,2025,86
2025-04-16,49497,2020041,2025,87
2025-04-17,17007,2037048,2025,88
2025-04-18,17008,2054056,2025,89
2025-04-21,27433,2081489,2025,92
2025-04-22,18853,2100342,2025,93
2025-04-23,57566,2157908,2025,94
